$object "" {
 #version 1.0
 #tag MergeMeshes "1"
 #tag Coords "XZY"
 #tag Scale "1.000000"
 $node "Scene_Root" {
  $frame {
    1 0 0
    0 1 0
    0 0 1
    0 0 0
   
  }
  $node "EntityPosition" {
   $frame {
     -1 0 0
     0 0 1
     0 1 0
     0 0 0
    
   }
  }
  $node "Root" {
   $frame {
     -1 0 0
     0 1 0
     0 0 -1
     0 0 0
    
   }
   $node "LeftFoot_IK_Target" {
    $frame {
      0.99018 -0.1395 0.0091
      0.12493 0.85378 -0.50542
      0.06274 0.5016 0.86282
      0.180288 -0.077038 -0.3673953
     
    }
   }
   $node "LeftHand_IK_Target" {
    $frame {
      0.2176 -0.62061 -0.75332
      0.59311 0.69704 -0.40293
      0.77516 -0.35912 0.51977
      0.498315 0.072079 0.5784865
     
    }
   }
   $node "RightFoot_IK_Target" {
    $frame {
      0.99018 0.1395 -0.0091
      0.12493 -0.85378 0.50542
      0.06274 -0.5016 -0.86282
      -0.180289 -0.077035 -0.3674062
     
    }
   }
   $node "RightHand_IK_Target" {
    $frame {
      0.2176 0.62061 0.75332
      0.59311 -0.69704 0.40293
      0.77516 0.35912 -0.51977
      -0.498316 0.072078 0.5784788
     
    }
   }
   $node "Spine_IK_Target" {
    $frame {
      -1 0 0
      -0 -0.099 0.99509
      -0 0.99509 0.099
      -0.000001 -0.025283 0.7241685
     
    }
   }
   $node "Hips" {
    $frame {
      -1 0 0
      0 1 0
      0 0 -1
      -0 0.93455 0.020222
     
    }
    $node "RightLegClothF" {
     $frame {
       0 0 1
       0 1 0
       -1 0 0
       0.103 -0.017853 0.107325
      
     }
    }
    $node "LeftLegClothF" {
     $frame {
       0 0 1
       0 1 0
       -1 0 0
       -0.102983 -0.0175561 0.107164
      
     }
    }
    $node "RightLegClothB" {
     $frame {
       0 1 0
       0 0 1
       1 0 0
       0.103 -0.0178499 -0.093874
      
     }
    }
    $node "LeftLegClothB" {
     $frame {
       0 1 0
       0 0 1
       1 0 0
       -0.103 -0.01785 -0.093874
      
     }
    }
    $node "RightLeg" {
     $frame {
       -0.99678 -0.0801 -0.00402
       -0.0802 0.99552 0.05016
       -0.00002 0.05032 -0.99873
       0.102571 -0.0161229 0.001099
      
     }
     $node "RightLegTwist" {
      $frame {
        1 0 0
        0 1 0
        0 0 1
        0.0000063 -0.2113523 -0.0000072
       
      }
      $node "RightKnee" {
       $frame {
         0.99957 -0.02889 -0.00567
         0.02863 0.99876 -0.04081
         0.00684 0.04063 0.99915
         0.000007 -0.2048907 -0.0000072
        
       }
       $node "RightKneeTwist" {
        $frame {
          1 0 0
          0 1 0
          0 0 1
          -0.0000053 -0.1903987 0.0000038
         
        }
        $node "RightFoot" {
         $frame {
           0.98529 0.11121 -0.12973
           0.06886 0.43642 0.8971
           0.15638 -0.89284 0.42234
           -0.0000039 -0.2178646 0.0000043
          
         }
         $node "RightToe" {
          $frame {
            1 -0.00044 -0.00027
            0.00052 0.86116 0.50833
            0 -0.50833 0.86116
            0.0000008 -0.1405986 0.0000089
           
          }
         }
        }
       }
       $node "RightKneeVolume" {
        $frame {
          1 0 0
          0 1 0
          0 0 1
          0 0 0
         
        }
       }
      }
     }
     $node "RightLegVolume" {
      $frame {
        1 0 0
        0 1 0
        0 0 1
        0 0 0
       
      }
     }
    }
    $node "LeftLeg" {
     $frame {
       -0.99678 0.0801 0.00402
       -0.0802 -0.99552 -0.05016
       -0.00002 -0.05032 0.99873
       -0.102571 -0.016123 0.001099
      
     }
     $node "LeftLegTwist" {
      $frame {
        1 0 0
        0 1 0
        0 0 1
        -0.000006 0.2113346 0.0000069
       
      }
      $node "LeftKnee" {
       $frame {
         0.99957 -0.02888 -0.00567
         0.02862 0.99876 -0.04081
         0.00684 0.04063 0.99915
         -0.0000074 0.2048718 0.0000061
        
       }
       $node "LeftKneeTwist" {
        $frame {
          1 0 0
          0 1 0
          0 0 1
          0.0000066 0.1903823 -0.0000045
         
        }
        $node "LeftFoot" {
         $frame {
           0.98529 0.11124 -0.12975
           0.06886 0.43642 0.8971
           0.15642 -0.89284 0.42234
           0.0000081 0.2178456 -0.0000061
          
         }
         $node "LeftToe" {
          $frame {
            1 0 0
            -0.00002 0.86109 0.50846
            -0.00003 -0.50846 0.86109
            0.0000052 0.1405988 -0.0000036
           
          }
         }
        }
       }
       $node "LeftKneeVolume" {
        $frame {
          1 0 0
          0 1 0
          0 0 1
          0 0 0
         
        }
       }
      }
     }
     $node "LeftLegVolume" {
      $frame {
        1 0 0
        0 1 0
        0 0 1
        0 0 0
       
      }
     }
    }
    $node "Spine1" {
     $frame {
       1 0 0
       0 0.99713 0.0757
       -0 -0.0757 0.99713
       -0 0.049368 0.004766
      
     }
     $node "Stomach1" {
      $frame {
        -1 0 0
        -0 0.0757 0.99713
        -0 0.99713 -0.0757
        -0 0.0272657 0.1101846
       
      }
     }
     $node "Spine2" {
      $frame {
        1 0 0
        0 0.99393 -0.11006
        -0 0.11006 0.99393
        -0 0.0536382 0.0000016
       
      }
      $node "Spine3" {
       $frame {
         1 0 0
         0 0.99811 -0.0615
         -0 0.0615 0.99811
         -0 0.0458296 -0.0000019
        
       }
       $node "Stomach2" {
        $frame {
          -1 0 0
          -0 -0.0959 0.99539
          -0 0.99539 0.0959
          0 -0.0095416 0.1141743
         
        }
       }
       $node "Spine4" {
        $frame {
          1 0 0
          0 0.97974 -0.20027
          -0 0.20027 0.97974
          0.000001 0.0556605 0.0000019
         
        }
        $node "Stomach3" {
         $frame {
           -1 0 0
           -0 -0.29331 0.95602
           -0 0.95602 0.29331
           -0.000001 -0.0118857 0.1142615
          
         }
        }
        $node "Spine5" {
         $frame {
           1 0 0
           0 0.98036 0.19722
           0 -0.19722 0.98036
           -0 0.052663 0.0088661
          
         }
         $node "LeftPectoral" {
          $frame {
            0.11139 -0.98907 -0.09659
            -0.00644 -0.09791 0.99517
            -0.99376 -0.11023 -0.01728
            -0.089111 0.1712466 0.1053759
           
          }
         }
         $node "RightPectoral" {
          $frame {
            -0.00628 0.0979 -0.99518
            -0.1114 -0.98907 -0.0966
            -0.99376 0.11025 0.01712
            0.08911 0.171244 0.1053767
           
          }
         }
         $node "LeftShoulderBlade" {
          $frame {
            0.00891 0.0977 -0.99518
            -0.15692 0.98302 0.0951
            0.98757 0.15532 0.02409
            -0.108466 0.2319742 -0.1238545
           
          }
         }
         $node "RightShoulderBlade" {
          $frame {
            -0.00891 0.0977 -0.99518
            0.15687 0.98303 0.09511
            0.98758 -0.15527 -0.02408
            0.1084699 0.2319691 -0.1238531
           
          }
         }
         $node "RightShoulder" {
          $frame {
            0.0581 -0.0843 0.99475
            -0.9981 0.01546 0.05961
            -0.02041 -0.99632 -0.08324
            0.0624989 0.235457 -0.0243168
           
          }
          $node "RightArm" {
           $frame {
             0.99831 0.03115 0.04914
             0.01445 0.68541 -0.72802
             -0.05636 0.72749 0.6838
             -0.0010851 -0.1093654 -0.0026153
            
           }
           $node "RightArmTwist" {
            $frame {
              1 0 0
              0 1 0
              0 0 1
              -0 -0.14152 0.0000035
             
            }
            $node "RightForeArm" {
             $frame {
               -0.02422 0.02515 0.99939
               -0.64239 0.76558 -0.03483
               -0.76599 -0.64284 -0.00238
               -0.0000009 -0.1442244 -0.0000055
              
             }
             $node "RightForeArmTwist" {
              $frame {
                1 0 0
                0 1 0
                0 0 1
                0.0000012 -0.1356422 0.0000065
               
              }
              $node "RightHand" {
               $frame {
                 -0.33993 0.1935 -0.92033
                 0.20796 0.96984 0.1271
                 0.91717 -0.14819 -0.36992
                 0.0000094 -0.1343797 0.0000052
                
               }
               $node "RightHandMiddle1" {
                $frame {
                  0.99795 0.05264 -0.03638
                  -0.05342 0.99836 -0.02072
                  0.03522 0.02262 0.99912
                  0.0112449 -0.0271399 -0.0031557
                 
                }
                $node "RightHandMiddle2" {
                 $frame {
                   0.99829 0.05634 0.0153
                   -0.0552 0.99626 -0.06651
                   -0.01899 0.06556 0.99767
                   -0.0000062 -0.0791462 0.0000004
                  
                 }
                 $node "RightHandMiddle3" {
                  $frame {
                    0.99945 -0.03095 0.01156
                    0.02791 0.60368 -0.79674
                    0.01768 0.79663 0.60421
                    -0.0000003 -0.0399415 -0.0000031
                   
                  }
                  $node "RightHandMiddle4" {
                   $frame {
                     0.99065 0.12856 -0.04562
                     -0.13602 0.90529 -0.40243
                     -0.01043 0.40487 0.91431
                     0.0000011 -0.0297465 -0.0000007
                    
                   }
                   $node "RightHandMiddle5" {
                    $frame {
                      1 0 0
                      0 0.99993 0.01154
                      0.00003 -0.01154 0.99993
                      0.0000004 -0.0231945 0.000001
                     
                    }
                   }
                  }
                 }
                }
               }
               $node "RightHandRing1" {
                $frame {
                  0.99232 -0.00629 -0.1235
                  0.00405 0.99982 -0.01834
                  0.12359 0.0177 0.99218
                  -0.0038717 -0.0276444 -0.0019883
                 
                }
                $node "RightHandRing2" {
                 $frame {
                   1 0 0
                   0 0.9837 -0.17983
                   0.00002 0.17983 0.9837
                   -0.0000021 -0.0786299 -0.0000043
                  
                 }
                 $node "RightHandRing3" {
                  $frame {
                    1 0 0
                    0.00003 0.47813 -0.87829
                    -0.00002 0.87829 0.47813
                    -0.0000014 -0.0334237 -0.0000009
                   
                  }
                  $node "RightHandRing4" {
                   $frame {
                     1 0 0
                     -0 0.92802 -0.37254
                     0.00005 0.37254 0.92802
                     -0.0000001 -0.0314673 -0
                    
                   }
                   $node "RightHandRing5" {
                    $frame {
                      1 0 0
                      0 1 0
                      0 0 1
                      -0.0000001 -0.0250334 -0.0000007
                     
                    }
                   }
                  }
                 }
                }
               }
               $node "RightHandPinky1" {
                $frame {
                  0.99822 -0.05948 0.0047
                  0.05967 0.99498 -0.08038
                  0.00011 0.08051 0.99675
                  -0.0255411 -0.0277087 0.0012641
                 
                }
                $node "RightHandPinky2" {
                 $frame {
                   0.95068 -0.16265 -0.26411
                   0.15398 0.98663 -0.05334
                   0.26925 0.01004 0.96302
                   -0.0000006 -0.0714964 -0.0000008
                  
                 }
                 $node "RightHandPinky3" {
                  $frame {
                    0.99993 0.00006 0.01162
                    0.00949 0.57217 -0.82008
                    -0.0067 0.82014 0.57213
                    0.0000005 -0.0272498 0.0000002
                   
                  }
                  $node "RightHandPinky4" {
                   $frame {
                     0.99558 0.09394 -0.00001
                     -0.07878 0.83482 -0.54486
                     -0.05118 0.54245 0.83853
                     -0.0000002 -0.022599 -0.000001
                    
                   }
                   $node "RightHandPinky5" {
                    $frame {
                      1 0 0
                      0 1 0
                      0 0 1
                      -0.0000007 -0.0225087 0.0000011
                     
                    }
                   }
                  }
                 }
                }
               }
               $node "RightHandIndex1" {
                $frame {
                  0.96549 0.14751 0.21466
                  -0.14729 0.98895 -0.01709
                  -0.21481 -0.01511 0.97654
                  0.0266606 -0.0269278 0.0003014
                 
                }
                $node "RightHandIndex2" {
                 $frame {
                   0.96091 0.27686 -0.00002
                   -0.27511 0.95483 0.11233
                   0.03112 -0.10794 0.99367
                   -0.0000007 -0.0717275 -0.0000001
                  
                 }
                 $node "RightHandIndex3" {
                  $frame {
                    1 0 0
                    0.00002 0.7037 -0.71049
                    0.00002 0.71049 0.7037
                    -0.0000017 -0.0380914 0.0000003
                   
                  }
                  $node "RightHandIndex4" {
                   $frame {
                     1 0 0
                     0.00002 0.86055 -0.50937
                     -0.00001 0.50937 0.86055
                     0.0000004 -0.0254172 0.0000003
                    
                   }
                   $node "RightHandIndex5" {
                    $frame {
                      1 0 0
                      0 1 0
                      0 0 1
                      0.0000006 -0.0259701 0.0000019
                     
                    }
                   }
                  }
                 }
                }
               }
               $node "RightHandThumb1" {
                $frame {
                  0.0769 0.4156 0.90629
                  -0.30441 0.87536 -0.37559
                  -0.94943 -0.247 0.19383
                  0.0107152 0.0063782 0.0053701
                 
                }
                $node "RightHandThumb2" {
                 $frame {
                   1 0 0
                   0.00001 0.8784 0.47792
                   0.00003 -0.47792 0.8784
                   -0.0000001 -0.0316071 -0.0000002
                  
                 }
                 $node "RightHandThumb3" {
                  $frame {
                    1 0 0
                    0 0.87565 -0.48294
                    -0.00001 0.48294 0.87565
                    -0.0000006 -0.0461263 -0.0000012
                   
                  }
                  $node "RightHandThumb4" {
                   $frame {
                     1 0 0
                     0 0.99804 -0.06266
                     0.00001 0.06266 0.99804
                     -0.0000009 -0.031869 -0.0000011
                    
                   }
                   $node "RightHandThumb5" {
                    $frame {
                      1 0 0
                      0 1 0
                      0 0 1
                      -0 -0.0334471 -0.0000017
                     
                    }
                   }
                  }
                 }
                }
               }
               $node "RightHandInbetween" {
                $frame {
                  0.99006 0.1398 -0.01533
                  -0.14062 0.9857 -0.09288
                  0.00213 0.09411 0.99556
                  0.0419764 -0.0639534 0.0249349
                 
                }
               }
               $node "RightHandProp" {
                $frame {
                  -0.62063 0.69703 -0.35913
                  0.76489 0.4374 -0.47289
                  -0.17254 -0.56819 -0.80461
                  0.1475558 -0.00645 -0.5095265
                 
                }
               }
              }
              $node "RightHandUpperVolume" {
               $frame {
                 -0.33993 0.1935 -0.92033
                 0.20796 0.96984 0.12709
                 0.91717 -0.14819 -0.36992
                 -0.000001 -0.1343754 0.0000035
                
               }
              }
              $node "RightHandLowerVolume" {
               $frame {
                 -0.33993 0.1935 -0.92033
                 0.20796 0.96984 0.1271
                 0.91717 -0.14819 -0.36992
                 0.0000059 -0.1343789 0.0000047
                
               }
              }
             }
             $node "RightForeArmVolume" {
              $frame {
                0.69849 -0.45984 -0.54833
                0.25309 0.87544 -0.41176
                0.66937 0.14884 0.72787
                0 0 0
               
              }
             }
            }
           }
           $node "RightArmVolume" {
            $frame {
              1 0 0
              0 1 0
              0 0 1
              0 0 0
             
            }
           }
          }
         }
         $node "Neck1" {
          $frame {
            -1 0 0
            -0 0.94463 0.32812
            0 0.32812 -0.94463
            0.000002 0.2903134 0.0000111
           
          }
          $node "Neck2" {
           $frame {
             1 0 0
             0 0.99844 0.05577
             0 -0.05577 0.99844
             0 0.0499381 0.0000027
            
           }
           $node "Neck3" {
            $frame {
              1 0 0
              -0 0.9962 0.08712
              0 -0.08712 0.9962
              -0.000001 0.0478975 -0.0000019
             
            }
            $node "Head" {
             $frame {
               1 0 0
               -0 0.99576 0.092
               0 -0.092 0.99576
               -0 0.0422695 0.0020534
              
             }
             $node "Camera" {
              $frame {
                1 0 0
                0 1 0
                0 0 1
                0 0 0
               
              }
             }
             $node "EyeLeft" {
              $frame {
                1 0 0
                0 0 -1
                0 1 0
                0.031835 0.0731666 -0.07922
               
              }
              $node "EyeLeftPupil" {
               $frame {
                 1 0 0
                 0 1 0
                 0 0 1
                 -0 0.0103601 0.0000017
                
               }
              }
             }
             $node "FacialLipUpperMiddle" {
              $frame {
                1 0 0
                0 1 0
                0 0 1
                0.000195 0.0092936 -0.1168642
               
              }
             }
             $node "FacialLipLowerMiddle" {
              $frame {
                1 0 0
                0 1 0
                0 0 1
                0.000191 -0.0063126 -0.1152792
               
              }
             }
             $node "LeftFacialLipLower" {
              $frame {
                -1 0 0
                0 0 1
                0 1 0
                0.014777 -0.0049154 -0.1131782
               
              }
             }
             $node "LeftFacialLipUpper" {
              $frame {
                -1 0 0
                0 0 1
                0 1 0
                0.017183 0.0077885 -0.1117122
               
              }
             }
             $node "LeftFacialLipCorner" {
              $frame {
                -1 0 0
                0 0 1
                0 1 0
                0.02785 0.0032446 -0.1035592
               
              }
             }
             $node "LeftFacialChin" {
              $frame {
                -1 0 0
                0 0 1
                0 1 0
                0.023921 -0.0193927 -0.1062372
               
              }
             }
             $node "LeftFacialCheekLower" {
              $frame {
                -1 0 0
                0 0 1
                0 1 0
                0.043372 -0.0035505 -0.0920402
               
              }
             }
             $node "LeftFacialCheekMiddle" {
              $frame {
                -1 0 0
                0 0 1
                0 1 0
                0.043767 0.0175745 -0.0943791
               
              }
             }
             $node "LeftFacialNoseCorner" {
              $frame {
                -1 0 0
                0 0 1
                0 1 0
                0.018478 0.0320704 -0.1038481
               
              }
             }
             $node "LeftFacialCheekUpper" {
              $frame {
                -1 0 0
                0 0 1
                0 1 0
                0.052738 0.0492044 -0.0884871
               
              }
             }
             $node "LeftFacialEyelidLowerOuter" {
              $frame {
                -1 0 0
                0 0 1
                0 1 0
                0.043092 0.0663535 -0.087341
               
              }
             }
             $node "LeftFacialEyelidLowerMiddle" {
              $frame {
                -1 0 0
                0 0 1
                0 1 0
                0.033556 0.0649895 -0.092293
               
              }
             }
             $node "LeftFacialEyelidLowerInner" {
              $frame {
                -1 0 0
                0 0 1
                0 1 0
                0.022462 0.0667255 -0.0915091
               
              }
             }
             $node "LeftFacialEyelidUpperMiddle" {
              $frame {
                -1 0 0
                0 0 1
                0 1 0
                0.033249 0.0797437 -0.0921421
               
              }
             }
             $node "LeftFacialEyelidUpperInner" {
              $frame {
                -1 0 0
                0 0 1
                0 1 0
                0.022915 0.0764237 -0.091374
               
              }
             }
             $node "LeftFacialEyelidUpperOuter" {
              $frame {
                -1 0 0
                0 0 1
                0 1 0
                0.042217 0.0777966 -0.087803
               
              }
             }
             $node "LeftFacialEyebrowOuter" {
              $frame {
                -1 0 0
                0 0 1
                0 1 0
                0.047929 0.0958116 -0.090545
               
              }
             }
             $node "LeftFacialEyebrowInner" {
              $frame {
                -1 0 0
                0 0 1
                0 1 0
                0.01397 0.0955637 -0.1089401
               
              }
             }
             $node "FacialJaw" {
              $frame {
                -0 -0.43851 -0.89872
                1 0 0
                -0 -0.89872 0.43851
                0.000004 0.0050665 -0.025721
               
              }
              $node "FacialChinMiddle" {
               $frame {
                 1 0 0
                 0 1 0
                 0 0 1
                 0.0960017 0 -0.0000006
                
               }
              }
              $node "FacialTongueBase" {
               $frame {
                 0.81914 0 -0.5736
                 0 1 0
                 0.5736 0 0.81914
                 0.0272034 0 -0.0000003
                
               }
               $node "FacialTongueMiddle" {
                $frame {
                  1 0 0
                  0 1 0
                  0 0 1
                  0.0218034 -0 -0.0000018
                 
                }
                $node "FacialTongueTip" {
                 $frame {
                   1 0 0
                   0 1 0
                   0 0 1
                   0.0218031 -0 0.0000009
                  
                 }
                }
               }
              }
             }
             $node "RightFacialLipLower" {
              $frame {
                -0.9993 0 -0.0374
                0.0374 0 -0.9993
                0 -1 0
                -0.015702 -0.0061645 -0.1105681
               
              }
             }
             $node "RightFacialLipUpper" {
              $frame {
                -0.9993 0 -0.0374
                0.0374 0 -0.9993
                0 -1 0
                -0.017183 0.0077895 -0.1090782
               
              }
             }
             $node "RightFacialLipCorner" {
              $frame {
                -0.9993 0 -0.0374
                0.0374 0 -0.9993
                0 -1 0
                -0.026884 0.0020305 -0.1000472
               
              }
             }
             $node "RightFacialChin" {
              $frame {
                -0.99992 0 -0.0123
                0.0123 0 -0.99992
                0 -1 0
                -0.02392 -0.0193907 -0.0992922
               
              }
             }
             $node "RightFacialCheekLower" {
              $frame {
                -0.9993 0 -0.0373
                0.0373 0 -0.9993
                0 -1 0
                -0.043372 -0.0035514 -0.0837371
               
              }
             }
             $node "RightFacialCheekMiddle" {
              $frame {
                -0.9993 0 -0.0373
                0.0373 0 -0.9993
                0 -1 0
                -0.043767 0.0175695 -0.0902212
               
              }
             }
             $node "RightFacialCheekUpper" {
              $frame {
                -0.9993 0 -0.0373
                0.0373 0 -0.9993
                0 -1 0
                -0.052738 0.0492005 -0.0835041
               
              }
             }
             $node "RightFacialEyelidLowerOuter" {
              $frame {
                -0.99992 0 -0.0124
                0.0124 0 -0.99992
                0 -1 0
                -0.043092 0.0663504 -0.085612
               
              }
             }
             $node "RightFacialEyelidLowerMiddle" {
              $frame {
                -0.99992 0 -0.0123
                0.0123 0 -0.99992
                0 -1 0
                -0.033556 0.0649904 -0.091592
               
              }
             }
             $node "RightFacialEyelidLowerInner" {
              $frame {
                -0.99992 0 -0.0123
                0.0123 0 -0.99992
                0 -1 0
                -0.022462 0.0667204 -0.0908181
               
              }
             }
             $node "RightFacialEyelidUpperOuter" {
              $frame {
                -0.99992 0 -0.0124
                0.0124 -0 -0.99992
                0 -1 0
                -0.042217 0.0778007 -0.0870751
               
              }
             }
             $node "RightFacialEyelidUpperMiddle" {
              $frame {
                -0.99992 0 -0.0123
                0.0123 0 -0.99992
                0 -1 0
                -0.033248 0.0789406 -0.0921421
               
              }
             }
             $node "RightFacialEyelidUpperInner" {
              $frame {
                -0.99992 0 -0.0123
                0.0123 0 -0.99992
                0 -1 0
                -0.022914 0.0764206 -0.091189
               
              }
             }
             $node "EyeRight" {
              $frame {
                1 0 0
                0 0 -1
                0 1 0
                -0.031609 0.0727796 -0.078864
               
              }
              $node "EyeRightPupil" {
               $frame {
                 1 0 0
                 0 1 0
                 0 0 1
                 0 0.0103631 0.0000017
                
               }
              }
             }
             $node "RightFacialEyebrowOuter" {
              $frame {
                -0.9993 0 -0.0373
                0.0373 0 -0.9993
                0 -1 0
                -0.047929 0.0958106 -0.089168
               
              }
             }
             $node "RightFacialEyebrowInner" {
              $frame {
                -0.9993 0 -0.0374
                0.0374 0 -0.9993
                0 -1 0
                -0.013969 0.0955606 -0.1089401
               
              }
             }
             $node "RightFacialNoseCorner" {
              $frame {
                -0.9993 0 -0.0374
                0.0374 0 -0.9993
                0 -1 0
                -0.018597 0.0320704 -0.1026721
               
              }
             }
            }
           }
          }
         }
         $node "LeftShoulder" {
          $frame {
            0.0579 0.0843 -0.99476
            -0.99811 -0.01548 -0.05941
            -0.02041 0.99632 0.08324
            -0.0624981 0.2354569 -0.0243168
           
          }
          $node "LeftArm" {
           $frame {
             0.99831 0.03095 0.04914
             0.01459 0.6854 -0.72802
             -0.05621 0.72751 0.68379
             0.0011069 0.1093676 0.0026204
            
           }
           $node "LeftArmVolume" {
            $frame {
              0.99958 0.00735 -0.02813
              0.00441 0.91797 0.39662
              0.02873 -0.39658 0.91755
              0 0 0
             
            }
           }
           $node "LeftArmTwist" {
            $frame {
              1 0 0
              0 1 0
              0 0 1
              -0.0000003 0.1415201 0.0000015
             
            }
            $node "LeftForeArm" {
             $frame {
               -0.02422 0.02515 0.99939
               -0.64239 0.76558 -0.03483
               -0.76599 -0.64284 -0.00239
               0.000002 0.1442258 0.000007
              
             }
             $node "LeftForeArmVolume" {
              $frame {
                0.69849 -0.45984 -0.54833
                0.25309 0.87544 -0.41176
                0.66937 0.14884 0.72787
                0 0 0
               
              }
             }
             $node "LeftForeArmTwist" {
              $frame {
                1 0 0
                0 1 0
                0 0 1
                0.0000019 0.1356433 -0.0000055
               
              }
              $node "LeftHand" {
               $frame {
                 -0.33994 0.1935 -0.92033
                 0.20796 0.96984 0.1271
                 0.91717 -0.14819 -0.36993
                 -0.0000082 0.1343807 -0.0000043
                
               }
               $node "LeftHandProp" {
                $frame {
                  -0.62062 0.69703 -0.35914
                  -0.74474 -0.3807 0.54811
                  0.24532 0.60763 0.75538
                  -0.1601533 -0.0126084 0.477697
                 
                }
               }
               $node "LeftHandInbetween" {
                $frame {
                  0.99006 0.1398 -0.01532
                  -0.14062 0.9857 -0.0928
                  0.00212 0.09404 0.99557
                  -0.0415704 0.0642571 -0.0247442
                 
                }
               }
               $node "LeftHandMiddle1" {
                $frame {
                  0.99795 0.05264 -0.03637
                  -0.05342 0.99836 -0.02072
                  0.03522 0.02262 0.99912
                  -0.0112448 0.0271392 0.0031513
                 
                }
                $node "LeftHandMiddle2" {
                 $frame {
                   0.99829 0.05634 0.0153
                   -0.0552 0.99626 -0.06651
                   -0.01899 0.06556 0.99767
                   0.0000062 0.0791467 -0.0000003
                  
                 }
                 $node "LeftHandMiddle3" {
                  $frame {
                    0.99945 -0.03095 0.01156
                    0.02791 0.60368 -0.79674
                    0.01768 0.79662 0.60422
                    0.0000009 0.0399426 0.0000013
                   
                  }
                  $node "LeftHandMiddle4" {
                   $frame {
                     0.99065 0.12856 -0.04562
                     -0.13601 0.90529 -0.40242
                     -0.01044 0.40487 0.91432
                     -0.0000023 0.0297461 0.000002
                    
                   }
                   $node "LeftHandMiddle5" {
                    $frame {
                      1 0 0
                      -0 0.99993 -0.01147
                      0.00001 0.01147 0.99993
                      -0.0000004 0.0231948 -0.0000013
                     
                    }
                   }
                  }
                 }
                }
               }
               $node "LeftHandRing1" {
                $frame {
                  0.99233 -0.00629 -0.1235
                  0.00405 0.99982 -0.01834
                  0.12359 0.0177 0.99218
                  0.0038714 0.0276429 0.0019833
                 
                }
                $node "LeftHandRing2" {
                 $frame {
                   1 0 0
                   0 0.9837 -0.17983
                   0.00002 0.17983 0.9837
                   0.0000017 0.0786314 0.000007
                  
                 }
                 $node "LeftHandRing3" {
                  $frame {
                    1 0 0
                    0.00003 0.47813 -0.87829
                    -0.00002 0.87829 0.47813
                    0.0000014 0.0334231 -0.0000007
                   
                  }
                  $node "LeftHandRing4" {
                   $frame {
                     1 0 0
                     0 0.92802 -0.37253
                     0.00005 0.37253 0.92802
                     0.0000004 0.0314682 0.0000013
                    
                   }
                   $node "LeftHandRing5" {
                    $frame {
                      1 0 0
                      0 1 0
                      0 0 1
                      -0.0000004 0.0250335 0.0000001
                     
                    }
                   }
                  }
                 }
                }
               }
               $node "LeftHandPinky1" {
                $frame {
                  0.99822 -0.05948 0.0047
                  0.05967 0.99498 -0.08038
                  0.00011 0.08051 0.99675
                  0.0255406 0.027708 -0.0012665
                 
                }
                $node "LeftHandPinky2" {
                 $frame {
                   0.95068 -0.16266 -0.26411
                   0.15399 0.98663 -0.05334
                   0.26925 0.01004 0.96302
                   0.0000008 0.0714964 -0.0000011
                  
                 }
                 $node "LeftHandPinky3" {
                  $frame {
                    0.99993 0.00008 0.01162
                    0.00949 0.5722 -0.82006
                    -0.00671 0.82011 0.57216
                    -0.0000011 0.0272498 0.000007
                   
                  }
                  $node "LeftHandPinky4" {
                   $frame {
                     0.99558 0.09394 -0.00001
                     -0.07877 0.83477 -0.54494
                     -0.05118 0.54253 0.83847
                     0.0000006 0.0225987 -0.0000034
                    
                   }
                   $node "LeftHandPinky5" {
                    $frame {
                      1 0 0
                      0 1 0
                      0 0 1
                      0.0000001 0.02251 0.0000014
                     
                    }
                   }
                  }
                 }
                }
               }
               $node "LeftHandIndex1" {
                $frame {
                  0.96549 0.14751 0.21466
                  -0.14729 0.98895 -0.01709
                  -0.21481 -0.01511 0.97654
                  -0.02666 0.0269275 -0.0003027
                 
                }
                $node "LeftHandIndex2" {
                 $frame {
                   0.96091 0.27687 -0.00002
                   -0.27511 0.95483 0.11233
                   0.03112 -0.10794 0.99367
                   0.0000016 0.0717265 -0.0000055
                  
                 }
                 $node "LeftHandIndex3" {
                  $frame {
                    1 0 0
                    0.00004 0.70371 -0.71049
                    0.00002 0.71049 0.70371
                    0.0000011 0.038092 0.0000015
                   
                  }
                  $node "LeftHandIndex4" {
                   $frame {
                     1 0 0
                     0.00003 0.86055 -0.50937
                     -0.00001 0.50937 0.86055
                     -0.000002 0.025417 0.0000046
                    
                   }
                   $node "LeftHandIndex5" {
                    $frame {
                      1 0 0
                      0 1 0
                      0 0 1
                      0.0000001 0.02597 -0.0000012
                     
                    }
                   }
                  }
                 }
                }
               }
               $node "LeftHandThumb1" {
                $frame {
                  0.07689 0.4156 0.90629
                  -0.30441 0.87537 -0.37559
                  -0.94943 -0.247 0.19382
                  -0.0107147 -0.006379 -0.0053722
                 
                }
                $node "LeftHandThumb2" {
                 $frame {
                   1 0 0
                   0.00001 0.8784 0.47792
                   0.00003 -0.47792 0.8784
                   -0.0000012 0.0316085 0.0000002
                  
                 }
                 $node "LeftHandThumb3" {
                  $frame {
                    1 0 0
                    0 0.87565 -0.48295
                    -0 0.48295 0.87565
                    -0.0000035 0.046126 0.0000006
                   
                  }
                  $node "LeftHandThumb4" {
                   $frame {
                     1 0 0
                     0 0.99804 -0.06266
                     0.00001 0.06266 0.99804
                     0.0000004 0.0318695 -0.0000001
                    
                   }
                   $node "LeftHandThumb5" {
                    $frame {
                      1 0 0
                      0 1 0
                      0 0 1
                      -0.000001 0.0334488 -0.0000042
                     
                    }
                   }
                  }
                 }
                }
               }
              }
              $node "LeftHandUpperVolume" {
               $frame {
                 -0.33994 0.1935 -0.92033
                 0.20796 0.96984 0.1271
                 0.91717 -0.14819 -0.36993
                 0.000002 0.1343753 -0.0000017
                
               }
              }
              $node "LeftHandLowerVolume" {
               $frame {
                 -0.33994 0.1935 -0.92033
                 0.20796 0.96984 0.1271
                 0.91717 -0.14819 -0.36993
                 -0.0000082 0.1343801 -0.000005
                
               }
              }
             }
            }
           }
          }
         }
        }
       }
      }
     }
    }
   }
   $node "Collision" {
    $frame {
      1 0 0
      0 0 -1
      0 1 0
      0 0 0
     
    }
   }
  }
 }
 $materials {
  $material "Du_HGU_56" {
   #UVset 0
  }
  $material "Visor" {
   #UVset 0
  }
 }
 $colliders {
  $mesh "UTM_FireView" {
   #parent "Hips"
   $frame {
     1 -0 0
     0 0 -1
     0 1 0
     0 -0 -0
    
   }
   #weight 0
   #material "Du_HGU_56"
   #layers ""
   $materials {
     "Du_HGU_56"
     "Visor"
    
   }
   $faces {
     0 3 0 1 2
     0 3 3 4 5
     0 3 6 7 8
     0 3 5 9 10
     0 3 11 12 13
     0 3 14 15 16
     0 3 17 18 3
     0 3 19 20 21
     0 3 3 22 14
